  id  |        timestamp        | sepal_length | sepal_width | petal_length | petal_width | target 
------+-------------------------+--------------+-------------+--------------+-------------+--------
    1 | 2023-01-05 05:21:07.561 |          4.4 |         3.2 |          1.3 |         0.2 |      0
    2 | 2023-01-05 05:21:08.57  |          5.1 |         3.7 |          1.5 |         0.4 |      0
    3 | 2023-01-05 05:21:09.584 |          6.7 |         3.3 |          5.7 |         2.1 |      2
    4 | 2023-01-05 05:21:10.596 |          6.6 |         2.9 |          4.6 |         1.3 |      1
    5 | 2023-01-05 05:21:11.61  |          4.9 |         2.4 |          3.3 |           1 |      1
    6 | 2023-01-05 05:21:12.623 |          6.4 |         3.1 |          5.5 |         1.8 |      2
    7 | 2023-01-05 05:21:13.635 |          6.7 |         3.1 |          5.6 |         2.4 |      2
    8 | 2023-01-05 05:21:14.648 |          4.6 |         3.6 |            1 |         0.2 |      0
    9 | 2023-01-05 05:21:15.661 |          5.5 |         4.2 |          1.4 |         0.2 |      0
   10 | 2023-01-05 05:21:16.672 |          6.7 |           3 |          5.2 |         2.3 |      2
   11 | 2023-01-05 05:21:17.685 |          6.6 |           3 |          4.4 |         1.4 |      1
   12 | 2023-01-05 05:21:18.696 |          6.3 |         2.5 |          4.9 |         1.5 |      1
   13 | 2023-01-05 05:21:19.708 |          5.8 |         2.8 |          5.1 |         2.4 |      2
   14 | 2023-01-05 05:21:20.721 |          5.7 |         2.8 |          4.5 |         1.3 |      1
   15 | 2023-01-05 05:21:21.733 |          6.7 |         2.5 |          5.8 |         1.8 |      2
   16 | 2023-01-05 05:21:22.744 |          6.4 |         2.8 |          5.6 |         2.2 |      2
   17 | 2023-01-05 05:21:23.763 |          6.7 |         2.5 |          5.8 |         1.8 |      2
   18 | 2023-01-05 05:21:24.776 |          6.7 |         3.1 |          5.6 |         2.4 |      2
   19 | 2023-01-05 05:21:25.789 |          4.9 |         3.1 |          1.5 |         0.2 |      0
   20 | 2023-01-05 05:21:26.802 |          5.5 |         2.3 |            4 |         1.3 |      1
   21 | 2023-01-05 05:21:27.814 |          5.3 |         3.7 |          1.5 |         0.2 |      0
   22 | 2023-01-05 05:21:28.832 |          5.5 |         2.4 |          3.7 |           1 |      1
   23 | 2023-01-05 05:21:29.843 |          6.7 |         3.3 |          5.7 |         2.5 |      2
   24 | 2023-01-05 05:21:30.859 |          4.6 |         3.1 |          1.5 |         0.2 |      0
   25 | 2023-01-05 05:21:31.885 |          5.6 |           3 |          4.1 |         1.3 |      1
   26 | 2023-01-05 05:21:32.898 |          5.1 |         3.8 |          1.5 |         0.3 |      0
   27 | 2023-01-05 05:21:33.91  |          6.1 |         2.8 |            4 |         1.3 |      1
   28 | 2023-01-05 05:21:34.921 |          6.3 |         2.8 |          5.1 |         1.5 |      2
   29 | 2023-01-05 05:21:35.933 |          5.5 |         4.2 |          1.4 |         0.2 |      0
   30 | 2023-01-05 05:21:36.944 |          4.8 |         3.4 |          1.6 |         0.2 |      0
   31 | 2023-01-05 05:21:37.964 |          4.4 |           3 |          1.3 |         0.2 |      0
   32 | 2023-01-05 05:21:38.977 |          7.2 |         3.6 |          6.1 |         2.5 |      2
   33 | 2023-01-05 05:21:39.988 |          5.5 |         4.2 |          1.4 |         0.2 |      0
   34 | 2023-01-05 05:21:40.999 |          5.5 |         2.4 |          3.7 |           1 |      1
   35 | 2023-01-05 05:21:42.011 |          5.5 |         3.5 |          1.3 |         0.2 |      0
   36 | 2023-01-05 05:21:43.023 |          6.4 |         3.1 |          5.5 |         1.8 |      2
   37 | 2023-01-05 05:21:44.034 |          6.4 |         3.2 |          5.3 |         2.3 |      2
   38 | 2023-01-05 05:21:45.045 |          6.4 |         3.1 |          5.5 |         1.8 |      2
   39 | 2023-01-05 05:21:46.06  |          4.8 |         3.1 |          1.6 |         0.2 |      0
   40 | 2023-01-05 05:21:47.073 |          5.1 |         3.7 |          1.5 |         0.4 |      0
   41 | 2023-01-05 05:21:48.085 |            5 |         3.6 |          1.4 |         0.2 |      0
   42 | 2023-01-05 05:21:49.101 |          5.1 |         3.3 |          1.7 |         0.5 |      0
   43 | 2023-01-05 05:21:50.114 |          6.3 |         2.5 |            5 |         1.9 |      2
   44 | 2023-01-05 05:21:51.127 |          5.8 |           4 |          1.2 |         0.2 |      0
   45 | 2023-01-05 05:21:52.139 |          6.5 |         2.8 |          4.6 |         1.5 |      1
   46 | 2023-01-05 05:21:53.15  |          6.3 |         2.8 |          5.1 |         1.5 |      2
   47 | 2023-01-05 05:21:54.162 |          4.7 |         3.2 |          1.6 |         0.2 |      0
   48 | 2023-01-05 05:21:55.173 |          6.3 |         2.8 |          5.1 |         1.5 |      2
   49 | 2023-01-05 05:21:56.192 |          5.6 |           3 |          4.1 |         1.3 |      1
   50 | 2023-01-05 05:21:57.207 |          5.7 |         3.8 |          1.7 |         0.3 |      0
   51 | 2023-01-05 05:21:58.219 |          5.8 |         2.7 |          5.1 |         1.9 |      2
   52 | 2023-01-05 05:21:59.231 |          6.5 |         3.2 |          5.1 |           2 |      2
   53 | 2023-01-05 05:22:00.243 |          5.4 |         3.7 |          1.5 |         0.2 |      0
   54 | 2023-01-05 05:22:01.255 |          6.4 |         2.8 |          5.6 |         2.2 |      2
   55 | 2023-01-05 05:22:02.273 |          5.7 |           3 |          4.2 |         1.2 |      1
   56 | 2023-01-05 05:22:03.284 |            5 |         3.5 |          1.3 |         0.3 |      0
   57 | 2023-01-05 05:22:04.295 |          6.3 |         3.3 |            6 |         2.5 |      2
   58 | 2023-01-05 05:22:05.307 |          4.7 |         3.2 |          1.6 |         0.2 |      0
   59 | 2023-01-05 05:22:06.319 |          6.3 |         2.9 |          5.6 |         1.8 |      2
   60 | 2023-01-05 05:22:07.333 |          6.4 |         2.7 |          5.3 |         1.9 |      2
   61 | 2023-01-05 05:22:08.345 |            6 |         3.4 |          4.5 |         1.6 |      1
   62 | 2023-01-05 05:22:09.359 |          6.4 |         2.8 |          5.6 |         2.1 |      2
   63 | 2023-01-05 05:22:10.37  |          5.8 |           4 |          1.2 |         0.2 |      0
   64 | 2023-01-05 05:22:11.383 |          4.6 |         3.2 |          1.4 |         0.2 |      0
   65 | 2023-01-05 05:22:12.393 |          7.7 |           3 |          6.1 |         2.3 |      2
   66 | 2023-01-05 05:22:13.405 |          5.8 |         2.7 |          5.1 |         1.9 |      2
   67 | 2023-01-05 05:22:14.42  |          4.7 |         3.2 |          1.3 |         0.2 |      0
   68 | 2023-01-05 05:22:15.432 |          5.5 |         4.2 |          1.4 |         0.2 |      0
   69 | 2023-01-05 05:22:16.443 |          5.9 |           3 |          4.2 |         1.5 |      1
   70 | 2023-01-05 05:22:17.455 |          6.1 |         2.8 |            4 |         1.3 |      1
   71 | 2023-01-05 05:22:18.467 |          5.8 |         2.7 |          4.1 |           1 |      1
   72 | 2023-01-05 05:22:19.478 |            7 |         3.2 |          4.7 |         1.4 |      1
   73 | 2023-01-05 05:22:20.49  |            5 |         3.2 |          1.2 |         0.2 |      0
   74 | 2023-01-05 05:22:21.5   |            5 |           3 |          1.6 |         0.2 |      0
   75 | 2023-01-05 05:22:22.508 |            5 |         3.5 |          1.6 |         0.6 |      0
   76 | 2023-01-05 05:22:23.521 |          5.9 |           3 |          5.1 |         1.8 |      2
   77 | 2023-01-05 05:22:24.538 |          6.7 |         3.1 |          5.6 |         2.4 |      2
   78 | 2023-01-05 05:22:25.55  |          4.6 |         3.1 |          1.5 |         0.2 |      0
   79 | 2023-01-05 05:22:26.562 |          5.4 |         3.7 |          1.5 |         0.2 |      0
   80 | 2023-01-05 05:22:27.57  |          7.1 |           3 |          5.9 |         2.1 |      2
   81 | 2023-01-05 05:22:28.582 |          6.2 |         2.8 |          4.8 |         1.8 |      2
   82 | 2023-01-05 05:22:29.592 |          6.8 |         2.8 |          4.8 |         1.4 |      1
   83 | 2023-01-05 05:22:30.602 |          5.2 |         3.4 |          1.4 |         0.2 |      0
   84 | 2023-01-05 05:22:31.61  |          4.8 |           3 |          1.4 |         0.1 |      0
   85 | 2023-01-05 05:22:32.618 |          5.1 |         3.4 |          1.5 |         0.2 |      0
   86 | 2023-01-05 05:22:33.626 |          4.9 |         3.1 |          1.5 |         0.2 |      0
   87 | 2023-01-05 05:22:34.638 |          6.6 |         2.9 |          4.6 |         1.3 |      1
   88 | 2023-01-05 05:22:35.654 |          6.1 |         2.8 |            4 |         1.3 |      1
   89 | 2023-01-05 05:22:36.666 |          4.9 |         2.4 |          3.3 |           1 |      1
   90 | 2023-01-05 05:22:37.686 |          6.4 |         2.8 |          5.6 |         2.1 |      2
   91 | 2023-01-05 05:22:38.695 |          5.1 |         3.4 |          1.5 |         0.2 |      0
   92 | 2023-01-05 05:22:39.703 |          6.7 |           3 |            5 |         1.7 |      1
   93 | 2023-01-05 05:22:40.713 |          6.7 |         3.3 |          5.7 |         2.1 |      2
   94 | 2023-01-05 05:22:41.725 |          6.6 |           3 |          4.4 |         1.4 |      1
   95 | 2023-01-05 05:22:42.737 |          5.9 |           3 |          5.1 |         1.8 |      2
   96 | 2023-01-05 05:22:43.75  |          5.9 |           3 |          5.1 |         1.8 |      2
   97 | 2023-01-05 05:22:44.762 |          5.7 |         2.9 |          4.2 |         1.3 |      1
   98 | 2023-01-05 05:22:45.773 |          5.1 |         2.5 |            3 |         1.1 |      1
   99 | 2023-01-05 05:22:46.785 |          5.1 |         3.3 |          1.7 |         0.5 |      0
  100 | 2023-01-05 05:22:47.794 |          5.7 |         2.6 |          3.5 |           1 |      1
  101 | 2023-01-05 05:22:48.805 |          5.8 |         2.6 |            4 |         1.2 |      1
  102 | 2023-01-05 05:22:49.82  |          5.7 |         4.4 |          1.5 |         0.4 |      0
  103 | 2023-01-05 05:22:50.834 |          5.6 |           3 |          4.5 |         1.5 |      1
  104 | 2023-01-05 05:22:51.847 |          4.9 |         2.4 |          3.3 |           1 |      1
  105 | 2023-01-05 05:22:52.863 |          6.3 |         2.5 |          4.9 |         1.5 |      1
  106 | 2023-01-05 05:22:53.874 |            6 |         3.4 |          4.5 |         1.6 |      1
  107 | 2023-01-05 05:22:54.888 |          4.7 |         3.2 |          1.6 |         0.2 |      0
  108 | 2023-01-05 05:22:55.899 |          7.2 |         3.6 |          6.1 |         2.5 |      2
  109 | 2023-01-05 05:22:56.912 |          5.5 |         2.4 |          3.7 |           1 |      1
  110 | 2023-01-05 05:22:57.961 |          5.1 |         3.7 |          1.5 |         0.4 |      0
  111 | 2023-01-05 05:22:58.973 |          6.4 |         3.2 |          5.3 |         2.3 |      2
  112 | 2023-01-05 05:22:59.986 |          5.9 |           3 |          4.2 |         1.5 |      1
  113 | 2023-01-05 05:23:01.001 |          5.4 |         3.9 |          1.7 |         0.4 |      0
  114 | 2023-01-05 05:23:02.013 |          6.4 |         3.2 |          5.3 |         2.3 |      2
  115 | 2023-01-05 05:23:03.025 |          5.1 |         3.5 |          1.4 |         0.2 |      0
  116 | 2023-01-05 05:23:04.037 |          5.5 |         2.3 |            4 |         1.3 |      1
  117 | 2023-01-05 05:23:05.05  |          5.9 |           3 |          5.1 |         1.8 |      2
  118 | 2023-01-05 05:23:06.066 |          5.5 |         4.2 |          1.4 |         0.2 |      0
  119 | 2023-01-05 05:23:07.078 |          6.9 |         3.2 |          5.7 |         2.3 |      2
  120 | 2023-01-05 05:23:08.09  |          6.5 |         2.8 |          4.6 |         1.5 |      1
  121 | 2023-01-05 05:23:09.102 |          6.3 |         3.3 |            6 |         2.5 |      2
  122 | 2023-01-05 05:23:10.12  |          5.7 |         2.8 |          4.1 |         1.3 |      1
  123 | 2023-01-05 05:23:11.133 |          6.5 |           3 |          5.2 |           2 |      2
  124 | 2023-01-05 05:23:12.145 |          6.2 |         2.8 |          4.8 |         1.8 |      2
  125 | 2023-01-05 05:23:13.158 |          6.5 |           3 |          5.5 |         1.8 |      2
  126 | 2023-01-05 05:23:14.171 |          5.8 |         2.7 |          5.1 |         1.9 |      2
  127 | 2023-01-05 05:23:15.182 |          5.7 |           3 |          4.2 |         1.2 |      1
  128 | 2023-01-05 05:23:16.195 |          5.5 |         3.5 |          1.3 |         0.2 |      0
  129 | 2023-01-05 05:23:17.206 |          7.9 |         3.8 |          6.4 |           2 |      2
  130 | 2023-01-05 05:23:18.22  |          5.9 |         3.2 |          4.8 |         1.8 |      1
  131 | 2023-01-05 05:23:19.231 |          5.1 |         3.8 |          1.9 |         0.4 |      0
  132 | 2023-01-05 05:23:20.244 |          4.8 |         3.4 |          1.6 |         0.2 |      0
  133 | 2023-01-05 05:23:21.255 |            5 |         3.6 |          1.4 |         0.2 |      0
  134 | 2023-01-05 05:23:22.266 |          6.7 |         3.1 |          5.6 |         2.4 |      2
  135 | 2023-01-05 05:23:23.282 |          6.3 |         2.8 |          5.1 |         1.5 |      2
  136 | 2023-01-05 05:23:24.293 |          4.9 |         3.1 |          1.5 |         0.2 |      0
  137 | 2023-01-05 05:23:25.303 |          5.8 |         2.7 |          5.1 |         1.9 |      2
  138 | 2023-01-05 05:23:26.315 |          4.7 |         3.2 |          1.6 |         0.2 |      0
  139 | 2023-01-05 05:23:27.328 |          5.7 |         2.6 |          3.5 |           1 |      1
  140 | 2023-01-05 05:23:28.339 |          6.5 |           3 |          5.2 |           2 |      2
  141 | 2023-01-05 05:23:29.351 |          4.6 |         3.4 |          1.4 |         0.3 |      0
  142 | 2023-01-05 05:23:30.363 |          5.2 |         2.7 |          3.9 |         1.4 |      1
  143 | 2023-01-05 05:23:31.378 |          6.5 |         2.8 |          4.6 |         1.5 |      1
  144 | 2023-01-05 05:23:32.391 |          6.9 |         3.1 |          5.1 |         2.3 |      2
  145 | 2023-01-05 05:23:33.404 |          5.1 |         3.3 |          1.7 |         0.5 |      0
  146 | 2023-01-05 05:23:34.416 |          5.6 |           3 |          4.1 |         1.3 |      1
  147 | 2023-01-05 05:23:35.427 |          6.1 |         2.6 |          5.6 |         1.4 |      2
  148 | 2023-01-05 05:23:36.439 |          5.7 |         4.4 |          1.5 |         0.4 |      0
  149 | 2023-01-05 05:23:37.452 |          7.7 |           3 |          6.1 |         2.3 |      2
  150 | 2023-01-05 05:23:38.465 |            6 |         2.7 |          5.1 |         1.6 |      1
  151 | 2023-01-05 05:23:39.476 |          7.7 |         2.8 |          6.7 |           2 |      2
  152 | 2023-01-05 05:23:40.489 |          6.1 |           3 |          4.9 |         1.8 |      2
  153 | 2023-01-05 05:23:41.503 |          7.1 |           3 |          5.9 |         2.1 |      2
  154 | 2023-01-05 05:23:42.531 |          6.7 |         3.1 |          4.7 |         1.5 |      1
  155 | 2023-01-05 05:23:43.542 |          6.5 |         2.8 |          4.6 |         1.5 |      1
  156 | 2023-01-05 05:23:44.553 |            5 |         3.2 |          1.2 |         0.2 |      0
  157 | 2023-01-05 05:23:45.565 |          4.3 |           3 |          1.1 |         0.1 |      0
  158 | 2023-01-05 05:23:46.577 |          5.1 |         3.3 |          1.7 |         0.5 |      0
  159 | 2023-01-05 05:23:47.589 |          5.9 |           3 |          4.2 |         1.5 |      1
  160 | 2023-01-05 05:23:48.602 |          7.3 |         2.9 |          6.3 |         1.8 |      2
  161 | 2023-01-05 05:23:49.614 |          4.7 |         3.2 |          1.6 |         0.2 |      0
  162 | 2023-01-05 05:23:50.624 |          4.9 |         2.4 |          3.3 |           1 |      1
  163 | 2023-01-05 05:23:51.635 |          6.1 |         2.9 |          4.7 |         1.4 |      1
  164 | 2023-01-05 05:23:52.647 |          6.3 |         2.8 |          5.1 |         1.5 |      2
  165 | 2023-01-05 05:23:53.659 |          6.4 |         2.8 |          5.6 |         2.1 |      2
  166 | 2023-01-05 05:23:54.675 |          5.1 |         3.5 |          1.4 |         0.3 |      0
  167 | 2023-01-05 05:23:55.689 |            6 |           3 |          4.8 |         1.8 |      2
  168 | 2023-01-05 05:23:56.7   |          6.3 |         3.4 |          5.6 |         2.4 |      2
  169 | 2023-01-05 05:23:57.712 |          6.2 |         2.9 |          4.3 |         1.3 |      1
  170 | 2023-01-05 05:23:58.725 |          5.6 |         2.9 |          3.6 |         1.3 |      1
  171 | 2023-01-05 05:23:59.737 |          5.8 |         2.7 |          3.9 |         1.2 |      1
  172 | 2023-01-05 05:24:00.748 |          5.6 |           3 |          4.1 |         1.3 |      1
  173 | 2023-01-05 05:24:01.758 |            5 |           2 |          3.5 |           1 |      1
  174 | 2023-01-05 05:24:02.773 |          5.2 |         3.5 |          1.5 |         0.2 |      0
  175 | 2023-01-05 05:24:03.784 |          6.3 |         2.9 |          5.6 |         1.8 |      2
  176 | 2023-01-05 05:24:04.797 |          5.4 |           3 |          4.5 |         1.5 |      1
  177 | 2023-01-05 05:24:05.809 |          6.7 |           3 |            5 |         1.7 |      1
  178 | 2023-01-05 05:24:06.822 |          6.5 |           3 |          5.8 |         2.2 |      2
  179 | 2023-01-05 05:24:07.833 |          5.1 |         2.5 |            3 |         1.1 |      1
  180 | 2023-01-05 05:24:08.845 |            5 |           3 |          1.6 |         0.2 |      0
  181 | 2023-01-05 05:24:09.856 |          6.4 |         3.2 |          5.3 |         2.3 |      2
  182 | 2023-01-05 05:24:10.867 |          5.5 |         2.3 |            4 |         1.3 |      1
  183 | 2023-01-05 05:24:11.88  |          6.2 |         2.9 |          4.3 |         1.3 |      1
  184 | 2023-01-05 05:24:12.892 |          6.3 |         2.5 |            5 |         1.9 |      2
  185 | 2023-01-05 05:24:13.905 |          7.2 |         3.2 |            6 |         1.8 |      2
  186 | 2023-01-05 05:24:14.923 |          5.8 |         2.7 |          4.1 |           1 |      1
  187 | 2023-01-05 05:24:15.937 |          5.8 |         2.6 |            4 |         1.2 |      1
  188 | 2023-01-05 05:24:16.948 |          5.6 |         2.5 |          3.9 |         1.1 |      1
  189 | 2023-01-05 05:24:17.959 |          6.7 |           3 |          5.2 |         2.3 |      2
  190 | 2023-01-05 05:24:18.978 |          4.7 |         3.2 |          1.3 |         0.2 |      0
  191 | 2023-01-05 05:24:19.991 |          6.9 |         3.1 |          5.4 |         2.1 |      2
  192 | 2023-01-05 05:24:21.003 |          6.2 |         2.8 |          4.8 |         1.8 |      2
  193 | 2023-01-05 05:24:22.015 |          6.2 |         2.2 |          4.5 |         1.5 |      1
  194 | 2023-01-05 05:24:23.027 |          5.8 |         2.7 |          5.1 |         1.9 |      2
  195 | 2023-01-05 05:24:24.039 |          6.3 |         2.3 |          4.4 |         1.3 |      1
  196 | 2023-01-05 05:24:25.052 |          6.5 |           3 |          5.8 |         2.2 |      2
  197 | 2023-01-05 05:24:26.064 |          6.8 |         2.8 |          4.8 |         1.4 |      1
  198 | 2023-01-05 05:24:27.076 |          5.5 |         4.2 |          1.4 |         0.2 |      0
  199 | 2023-01-05 05:24:28.089 |          6.3 |         3.4 |          5.6 |         2.4 |      2
  200 | 2023-01-05 05:24:29.101 |          6.7 |         3.3 |          5.7 |         2.1 |      2
  201 | 2023-01-05 05:24:30.114 |          6.3 |         2.7 |          4.9 |         1.8 |      2
  202 | 2023-01-05 05:24:31.125 |          7.9 |         3.8 |          6.4 |           2 |      2
  203 | 2023-01-05 05:24:32.137 |          6.6 |         2.9 |          4.6 |         1.3 |      1
  204 | 2023-01-05 05:24:33.149 |          6.8 |         2.8 |          4.8 |         1.4 |      1
  205 | 2023-01-05 05:24:34.16  |          7.9 |         3.8 |          6.4 |           2 |      2
  206 | 2023-01-05 05:24:35.172 |          7.9 |         3.8 |          6.4 |           2 |      2
  207 | 2023-01-05 05:24:36.184 |          7.4 |         2.8 |          6.1 |         1.9 |      2
  208 | 2023-01-05 05:24:37.195 |          6.1 |           3 |          4.6 |         1.4 |      1
  209 | 2023-01-05 05:24:38.207 |          6.7 |           3 |            5 |         1.7 |      1
  210 | 2023-01-05 05:24:39.217 |          4.9 |         2.5 |          4.5 |         1.7 |      2
  211 | 2023-01-05 05:24:40.228 |            6 |         3.4 |          4.5 |         1.6 |      1
  212 | 2023-01-05 05:24:41.241 |          6.4 |         2.9 |          4.3 |         1.3 |      1
  213 | 2023-01-05 05:24:42.256 |          6.9 |         3.1 |          5.4 |         2.1 |      2
  214 | 2023-01-05 05:24:43.267 |          5.9 |           3 |          4.2 |         1.5 |      1
  215 | 2023-01-05 05:24:44.275 |          6.3 |         2.5 |            5 |         1.9 |      2
  216 | 2023-01-05 05:24:45.283 |          5.6 |           3 |          4.1 |         1.3 |      1
  217 | 2023-01-05 05:24:46.295 |          6.7 |         3.3 |          5.7 |         2.1 |      2
  218 | 2023-01-05 05:24:47.309 |          4.3 |           3 |          1.1 |         0.1 |      0
  219 | 2023-01-05 05:24:48.317 |          6.6 |         2.9 |          4.6 |         1.3 |      1
  220 | 2023-01-05 05:24:49.325 |          7.7 |         3.8 |          6.7 |         2.2 |      2
  221 | 2023-01-05 05:24:50.336 |          7.4 |         2.8 |          6.1 |         1.9 |      2
  222 | 2023-01-05 05:24:51.347 |          6.1 |           3 |          4.9 |         1.8 |      2
  223 | 2023-01-05 05:24:52.358 |          4.6 |         3.1 |          1.5 |         0.2 |      0
  224 | 2023-01-05 05:24:53.37  |          5.5 |         4.2 |          1.4 |         0.2 |      0
  225 | 2023-01-05 05:24:54.384 |          5.8 |           4 |          1.2 |         0.2 |      0
  226 | 2023-01-05 05:24:55.399 |            5 |         3.4 |          1.6 |         0.4 |      0
  227 | 2023-01-05 05:24:56.407 |          6.4 |         2.9 |          4.3 |         1.3 |      1
  228 | 2023-01-05 05:24:57.415 |          5.6 |         2.8 |          4.9 |           2 |      2
  229 | 2023-01-05 05:24:58.424 |          5.7 |         2.6 |          3.5 |           1 |      1
  230 | 2023-01-05 05:24:59.43  |          6.4 |         2.8 |          5.6 |         2.1 |      2
  231 | 2023-01-05 05:25:00.441 |          6.8 |         2.8 |          4.8 |         1.4 |      1
  232 | 2023-01-05 05:25:01.454 |          5.2 |         3.4 |          1.4 |         0.2 |      0
  233 | 2023-01-05 05:25:02.466 |          5.4 |         3.9 |          1.7 |         0.4 |      0
  234 | 2023-01-05 05:25:03.476 |            5 |         3.2 |          1.2 |         0.2 |      0
  235 | 2023-01-05 05:25:04.486 |          6.6 |           3 |          4.4 |         1.4 |      1
  236 | 2023-01-05 05:25:05.496 |          6.3 |         2.5 |            5 |         1.9 |      2
  237 | 2023-01-05 05:25:06.506 |          5.4 |         3.9 |          1.3 |         0.4 |      0
  238 | 2023-01-05 05:25:07.515 |            7 |         3.2 |          4.7 |         1.4 |      1
  239 | 2023-01-05 05:25:08.527 |          5.8 |         2.6 |            4 |         1.2 |      1
  240 | 2023-01-05 05:25:09.536 |          6.3 |         3.4 |          5.6 |         2.4 |      2
  241 | 2023-01-05 05:25:10.546 |          5.5 |         2.4 |          3.7 |           1 |      1
  242 | 2023-01-05 05:25:11.563 |          6.6 |         2.9 |          4.6 |         1.3 |      1
  243 | 2023-01-05 05:25:12.581 |          4.3 |           3 |          1.1 |         0.1 |      0
  244 | 2023-01-05 05:25:13.592 |          4.6 |         3.1 |          1.5 |         0.2 |      0
  245 | 2023-01-05 05:25:14.62  |          6.3 |         2.5 |          4.9 |         1.5 |      1
  246 | 2023-01-05 05:25:15.63  |          5.4 |         3.9 |          1.7 |         0.4 |      0
  247 | 2023-01-05 05:25:16.642 |          5.1 |         3.8 |          1.6 |         0.2 |      0
  248 | 2023-01-05 05:25:17.654 |          5.8 |         2.7 |          5.1 |         1.9 |      2
  249 | 2023-01-05 05:25:18.666 |          4.9 |         2.5 |          4.5 |         1.7 |      2
  250 | 2023-01-05 05:25:19.678 |          6.2 |         3.4 |          5.4 |         2.3 |      2
  251 | 2023-01-05 05:25:20.69  |          5.3 |         3.7 |          1.5 |         0.2 |      0
  252 | 2023-01-05 05:25:21.702 |          6.8 |         2.8 |          4.8 |         1.4 |      1
  253 | 2023-01-05 05:25:22.713 |          5.4 |         3.4 |          1.5 |         0.4 |      0
  254 | 2023-01-05 05:25:23.724 |          6.1 |           3 |          4.9 |         1.8 |      2
  255 | 2023-01-05 05:25:24.736 |          6.4 |         2.9 |          4.3 |         1.3 |      1
  256 | 2023-01-05 05:25:25.748 |          5.5 |         2.3 |            4 |         1.3 |      1
  257 | 2023-01-05 05:25:26.76  |          4.9 |           3 |          1.4 |         0.2 |      0
  258 | 2023-01-05 05:25:27.775 |          5.5 |         2.4 |          3.7 |           1 |      1
  259 | 2023-01-05 05:25:28.787 |          6.7 |           3 |            5 |         1.7 |      1
  260 | 2023-01-05 05:25:29.798 |          4.8 |         3.4 |          1.9 |         0.2 |      0
  261 | 2023-01-05 05:25:30.811 |          6.2 |         2.8 |          4.8 |         1.8 |      2
  262 | 2023-01-05 05:25:31.821 |          5.7 |         2.5 |            5 |           2 |      2
  263 | 2023-01-05 05:25:32.831 |          6.2 |         2.9 |          4.3 |         1.3 |      1
  264 | 2023-01-05 05:25:33.843 |          6.7 |         3.1 |          5.6 |         2.4 |      2
  265 | 2023-01-05 05:25:34.853 |          4.9 |         3.6 |          1.4 |         0.1 |      0
  266 | 2023-01-05 05:25:35.863 |            5 |         3.5 |          1.6 |         0.6 |      0
  267 | 2023-01-05 05:25:36.876 |          5.6 |           3 |          4.5 |         1.5 |      1
  268 | 2023-01-05 05:25:37.888 |          5.9 |           3 |          4.2 |         1.5 |      1
  269 | 2023-01-05 05:25:38.901 |          5.4 |         3.4 |          1.5 |         0.4 |      0
  270 | 2023-01-05 05:25:39.916 |          5.1 |         2.5 |            3 |         1.1 |      1
  271 | 2023-01-05 05:25:40.928 |          5.7 |         2.6 |          3.5 |           1 |      1
  272 | 2023-01-05 05:25:41.94  |          5.5 |         2.3 |            4 |         1.3 |      1
  273 | 2023-01-05 05:25:42.954 |          6.7 |         3.1 |          4.7 |         1.5 |      1
  274 | 2023-01-05 05:25:43.97  |          5.1 |         3.8 |          1.5 |         0.3 |      0
  275 | 2023-01-05 05:25:44.983 |          5.2 |         4.1 |          1.5 |         0.1 |      0
  276 | 2023-01-05 05:25:45.995 |          5.4 |         3.4 |          1.7 |         0.2 |      0
  277 | 2023-01-05 05:25:47.006 |          5.1 |         3.8 |          1.9 |         0.4 |      0
  278 | 2023-01-05 05:25:48.017 |          6.6 |         2.9 |          4.6 |         1.3 |      1
  279 | 2023-01-05 05:25:49.031 |          5.7 |         2.5 |            5 |           2 |      2
  280 | 2023-01-05 05:25:50.042 |          6.7 |         3.1 |          5.6 |         2.4 |      2
  281 | 2023-01-05 05:25:51.051 |          7.4 |         2.8 |          6.1 |         1.9 |      2
  282 | 2023-01-05 05:25:52.059 |          6.2 |         2.8 |          4.8 |         1.8 |      2
  283 | 2023-01-05 05:25:53.068 |            5 |         3.6 |          1.4 |         0.2 |      0
  284 | 2023-01-05 05:25:54.077 |            5 |           3 |          1.6 |         0.2 |      0
  285 | 2023-01-05 05:25:55.088 |          5.8 |           4 |          1.2 |         0.2 |      0
  286 | 2023-01-05 05:25:56.097 |          4.7 |         3.2 |          1.3 |         0.2 |      0
  287 | 2023-01-05 05:25:57.107 |          5.3 |         3.7 |          1.5 |         0.2 |      0
  288 | 2023-01-05 05:25:58.115 |          6.2 |         3.4 |          5.4 |         2.3 |      2
  289 | 2023-01-05 05:25:59.124 |            6 |         3.4 |          4.5 |         1.6 |      1
  290 | 2023-01-05 05:26:00.134 |          5.7 |         2.8 |          4.5 |         1.3 |      1
  291 | 2023-01-05 05:26:01.143 |          5.7 |         2.5 |            5 |           2 |      2
  292 | 2023-01-05 05:26:02.155 |          7.2 |         3.6 |          6.1 |         2.5 |      2
  293 | 2023-01-05 05:26:03.168 |          6.7 |         3.1 |          4.7 |         1.5 |      1
  294 | 2023-01-05 05:26:04.176 |          4.7 |         3.2 |          1.3 |         0.2 |      0
  295 | 2023-01-05 05:26:05.187 |            6 |         2.2 |            5 |         1.5 |      2
  296 | 2023-01-05 05:26:06.197 |          6.7 |         3.1 |          5.6 |         2.4 |      2
  297 | 2023-01-05 05:26:07.208 |            5 |         3.5 |          1.6 |         0.6 |      0
  298 | 2023-01-05 05:26:08.216 |          6.1 |         2.8 |            4 |         1.3 |      1
  299 | 2023-01-05 05:26:09.224 |          5.7 |         4.4 |          1.5 |         0.4 |      0
  300 | 2023-01-05 05:26:10.233 |          6.9 |         3.1 |          4.9 |         1.5 |      1
  301 | 2023-01-05 05:26:11.264 |          5.1 |         2.5 |            3 |         1.1 |      1
  302 | 2023-01-05 05:26:12.272 |          5.5 |         2.4 |          3.8 |         1.1 |      1
  303 | 2023-01-05 05:26:13.281 |          5.5 |         2.3 |            4 |         1.3 |      1
  304 | 2023-01-05 05:26:14.289 |          4.9 |         2.5 |          4.5 |         1.7 |      2
  305 | 2023-01-05 05:26:15.298 |          5.1 |         3.3 |          1.7 |         0.5 |      0
  306 | 2023-01-05 05:26:16.306 |          4.6 |         3.1 |          1.5 |         0.2 |      0
  307 | 2023-01-05 05:26:17.316 |          5.6 |         2.9 |          3.6 |         1.3 |      1
  308 | 2023-01-05 05:26:18.327 |          6.1 |         2.8 |            4 |         1.3 |      1
  309 | 2023-01-05 05:26:19.339 |          4.6 |         3.4 |          1.4 |         0.3 |      0
  310 | 2023-01-05 05:26:20.351 |          4.4 |         3.2 |          1.3 |         0.2 |      0
  311 | 2023-01-05 05:26:21.363 |          5.8 |           4 |          1.2 |         0.2 |      0
  312 | 2023-01-05 05:26:22.374 |          5.7 |         3.8 |          1.7 |         0.3 |      0
  313 | 2023-01-05 05:26:23.385 |            6 |         3.4 |          4.5 |         1.6 |      1
  314 | 2023-01-05 05:26:24.397 |          6.3 |         2.5 |            5 |         1.9 |      2
  315 | 2023-01-05 05:26:25.408 |          6.7 |         2.5 |          5.8 |         1.8 |      2
  316 | 2023-01-05 05:26:26.421 |          6.4 |         3.1 |          5.5 |         1.8 |      2
  317 | 2023-01-05 05:26:27.432 |          5.4 |         3.7 |          1.5 |         0.2 |      0
  318 | 2023-01-05 05:26:28.442 |          6.2 |         3.4 |          5.4 |         2.3 |      2
  319 | 2023-01-05 05:26:29.452 |          5.6 |         2.5 |          3.9 |         1.1 |      1
  320 | 2023-01-05 05:26:30.464 |            5 |         2.3 |          3.3 |           1 |      1
  321 | 2023-01-05 05:26:31.477 |          4.6 |         3.2 |          1.4 |         0.2 |      0
  322 | 2023-01-05 05:26:32.488 |          6.2 |         2.8 |          4.8 |         1.8 |      2
  323 | 2023-01-05 05:26:33.501 |          5.6 |           3 |          4.1 |         1.3 |      1
  324 | 2023-01-05 05:26:34.511 |          6.4 |         3.1 |          5.5 |         1.8 |      2
  325 | 2023-01-05 05:26:35.518 |            5 |         3.5 |          1.6 |         0.6 |      0
  326 | 2023-01-05 05:26:36.529 |          5.4 |         3.9 |          1.7 |         0.4 |      0
  327 | 2023-01-05 05:26:37.54  |          7.7 |         2.6 |          6.9 |         2.3 |      2
  328 | 2023-01-05 05:26:38.561 |            6 |         3.4 |          4.5 |         1.6 |      1
  329 | 2023-01-05 05:26:39.569 |          5.7 |         3.8 |          1.7 |         0.3 |      0
  330 | 2023-01-05 05:26:40.61  |          5.2 |         4.1 |          1.5 |         0.1 |      0
  331 | 2023-01-05 05:26:41.625 |          5.7 |         3.8 |          1.7 |         0.3 |      0
  332 | 2023-01-05 05:26:42.636 |          4.8 |           3 |          1.4 |         0.1 |      0
  333 | 2023-01-05 05:26:43.646 |          6.4 |         3.1 |          5.5 |         1.8 |      2
  334 | 2023-01-05 05:26:44.657 |          4.8 |         3.4 |          1.6 |         0.2 |      0
  335 | 2023-01-05 05:26:45.669 |          5.1 |         3.8 |          1.5 |         0.3 |      0
  336 | 2023-01-05 05:26:46.683 |          6.3 |         2.8 |          5.1 |         1.5 |      2
  337 | 2023-01-05 05:26:47.691 |          5.6 |           3 |          4.1 |         1.3 |      1
  338 | 2023-01-05 05:26:48.702 |          5.1 |         3.8 |          1.9 |         0.4 |      0
  339 | 2023-01-05 05:26:49.711 |          5.9 |         3.2 |          4.8 |         1.8 |      1
  340 | 2023-01-05 05:26:50.72  |          5.4 |           3 |          4.5 |         1.5 |      1
  341 | 2023-01-05 05:26:51.729 |          6.8 |         3.2 |          5.9 |         2.3 |      2
  342 | 2023-01-05 05:26:52.74  |          5.1 |         3.4 |          1.5 |         0.2 |      0
  343 | 2023-01-05 05:26:53.75  |          4.8 |           3 |          1.4 |         0.3 |      0
  344 | 2023-01-05 05:26:54.761 |          4.4 |         2.9 |          1.4 |         0.2 |      0
  345 | 2023-01-05 05:26:55.773 |          6.9 |         3.1 |          5.1 |         2.3 |      2
  346 | 2023-01-05 05:26:56.784 |          6.5 |           3 |          5.8 |         2.2 |      2
  347 | 2023-01-05 05:26:57.8   |          5.7 |         2.5 |            5 |           2 |      2
  348 | 2023-01-05 05:26:58.817 |          6.5 |           3 |          5.8 |         2.2 |      2
  349 | 2023-01-05 05:26:59.829 |          6.6 |         2.9 |          4.6 |         1.3 |      1
  350 | 2023-01-05 05:27:00.839 |          5.3 |         3.7 |          1.5 |         0.2 |      0
  351 | 2023-01-05 05:27:01.851 |          6.8 |         3.2 |          5.9 |         2.3 |      2
  352 | 2023-01-05 05:27:02.865 |          5.8 |         2.7 |          5.1 |         1.9 |      2
  353 | 2023-01-05 05:27:03.874 |          4.4 |           3 |          1.3 |         0.2 |      0
  354 | 2023-01-05 05:27:04.884 |          4.4 |         2.9 |          1.4 |         0.2 |      0
  355 | 2023-01-05 05:27:05.894 |            5 |           3 |          1.6 |         0.2 |      0
  356 | 2023-01-05 05:27:06.905 |          5.5 |         2.3 |            4 |         1.3 |      1
  357 | 2023-01-05 05:27:07.916 |          5.1 |         3.8 |          1.6 |         0.2 |      0
  358 | 2023-01-05 05:27:08.933 |          4.9 |         2.5 |          4.5 |         1.7 |      2
  359 | 2023-01-05 05:27:09.944 |          5.7 |         3.8 |          1.7 |         0.3 |      0
  360 | 2023-01-05 05:27:10.956 |          4.9 |         2.5 |          4.5 |         1.7 |      2
  361 | 2023-01-05 05:27:11.968 |          7.9 |         3.8 |          6.4 |           2 |      2
  362 | 2023-01-05 05:27:12.98  |          6.6 |         2.9 |          4.6 |         1.3 |      1
  363 | 2023-01-05 05:27:13.99  |            5 |         3.3 |          1.4 |         0.2 |      0
  364 | 2023-01-05 05:27:15.001 |          4.7 |         3.2 |          1.3 |         0.2 |      0
  365 | 2023-01-05 05:27:16.016 |          7.7 |           3 |          6.1 |         2.3 |      2
  366 | 2023-01-05 05:27:17.03  |          5.1 |         3.8 |          1.5 |         0.3 |      0
  367 | 2023-01-05 05:27:18.043 |          6.6 |         2.9 |          4.6 |         1.3 |      1
  368 | 2023-01-05 05:27:19.055 |          5.1 |         3.5 |          1.4 |         0.2 |      0
  369 | 2023-01-05 05:27:20.066 |          5.5 |         2.6 |          4.4 |         1.2 |      1
  370 | 2023-01-05 05:27:21.082 |          6.2 |         2.8 |          4.8 |         1.8 |      2
  371 | 2023-01-05 05:27:22.096 |          6.4 |         2.7 |          5.3 |         1.9 |      2
  372 | 2023-01-05 05:27:23.107 |          5.7 |         2.9 |          4.2 |         1.3 |      1
  373 | 2023-01-05 05:27:24.118 |          6.5 |         2.8 |          4.6 |         1.5 |      1
  374 | 2023-01-05 05:27:25.136 |          6.2 |         2.8 |          4.8 |         1.8 |      2
  375 | 2023-01-05 05:27:26.148 |          6.4 |         3.2 |          4.5 |         1.5 |      1
  376 | 2023-01-05 05:27:27.159 |            7 |         3.2 |          4.7 |         1.4 |      1
  377 | 2023-01-05 05:27:28.171 |          4.7 |         3.2 |          1.3 |         0.2 |      0
  378 | 2023-01-05 05:27:29.183 |          5.1 |         3.8 |          1.6 |         0.2 |      0
  379 | 2023-01-05 05:27:30.195 |          6.1 |         2.6 |          5.6 |         1.4 |      2
  380 | 2023-01-05 05:27:31.204 |          4.9 |           3 |          1.4 |         0.2 |      0
  381 | 2023-01-05 05:27:32.213 |          6.7 |         3.1 |          4.7 |         1.5 |      1
  382 | 2023-01-05 05:27:33.226 |          4.6 |         3.2 |          1.4 |         0.2 |      0
  383 | 2023-01-05 05:27:34.237 |          4.9 |         3.1 |          1.5 |         0.1 |      0
  384 | 2023-01-05 05:27:35.249 |          5.4 |         3.7 |          1.5 |         0.2 |      0
  385 | 2023-01-05 05:27:36.261 |            5 |         3.5 |          1.6 |         0.6 |      0
  386 | 2023-01-05 05:27:37.275 |          6.4 |         2.7 |          5.3 |         1.9 |      2
  387 | 2023-01-05 05:27:38.285 |          5.8 |         2.7 |          3.9 |         1.2 |      1
  388 | 2023-01-05 05:27:39.297 |          6.1 |         2.8 |            4 |         1.3 |      1
  389 | 2023-01-05 05:27:40.309 |          7.6 |           3 |          6.6 |         2.1 |      2
  390 | 2023-01-05 05:27:41.327 |          4.4 |           3 |          1.3 |         0.2 |      0
  391 | 2023-01-05 05:27:42.344 |          6.8 |           3 |          5.5 |         2.1 |      2
  392 | 2023-01-05 05:27:43.358 |          6.7 |         3.1 |          5.6 |         2.4 |      2
  393 | 2023-01-05 05:27:44.369 |          5.7 |           3 |          4.2 |         1.2 |      1
  394 | 2023-01-05 05:27:45.378 |          7.6 |           3 |          6.6 |         2.1 |      2
  395 | 2023-01-05 05:27:46.39  |          5.8 |         2.7 |          4.1 |           1 |      1
  396 | 2023-01-05 05:27:47.401 |          6.4 |         3.1 |          5.5 |         1.8 |      2
  397 | 2023-01-05 05:27:48.411 |          5.3 |         3.7 |          1.5 |         0.2 |      0
  398 | 2023-01-05 05:27:49.427 |          7.7 |         3.8 |          6.7 |         2.2 |      2
  399 | 2023-01-05 05:27:50.438 |          5.5 |         3.5 |          1.3 |         0.2 |      0
  400 | 2023-01-05 05:27:51.451 |            5 |         3.6 |          1.4 |         0.2 |      0
  401 | 2023-01-05 05:27:52.462 |            5 |         3.6 |          1.4 |         0.2 |      0
  402 | 2023-01-05 05:27:53.474 |            6 |           3 |          4.8 |         1.8 |      2
  403 | 2023-01-05 05:27:54.486 |          5.4 |         3.4 |          1.5 |         0.4 |      0
  404 | 2023-01-05 05:27:55.498 |          5.1 |         3.7 |          1.5 |         0.4 |      0
  405 | 2023-01-05 05:27:56.513 |          6.5 |           3 |          5.2 |           2 |      2
  406 | 2023-01-05 05:27:57.523 |          4.8 |         3.4 |          1.9 |         0.2 |      0
  407 | 2023-01-05 05:27:58.533 |          6.7 |         2.5 |          5.8 |         1.8 |      2
  408 | 2023-01-05 05:27:59.544 |            5 |         3.4 |          1.6 |         0.4 |      0
  409 | 2023-01-05 05:28:00.564 |            5 |         3.5 |          1.6 |         0.6 |      0
  410 | 2023-01-05 05:28:01.577 |          6.3 |         2.5 |            5 |         1.9 |      2
  411 | 2023-01-05 05:28:02.589 |          6.4 |         2.8 |          5.6 |         2.2 |      2
  412 | 2023-01-05 05:28:03.602 |          4.8 |         3.1 |          1.6 |         0.2 |      0
  413 | 2023-01-05 05:28:04.614 |          5.4 |         3.4 |          1.7 |         0.2 |      0
  414 | 2023-01-05 05:28:05.626 |          7.7 |         3.8 |          6.7 |         2.2 |      2
  415 | 2023-01-05 05:28:06.641 |          5.2 |         3.4 |          1.4 |         0.2 |      0
  416 | 2023-01-05 05:28:07.653 |          5.4 |         3.7 |          1.5 |         0.2 |      0
  417 | 2023-01-05 05:28:08.663 |          5.6 |         2.8 |          4.9 |           2 |      2
  418 | 2023-01-05 05:28:09.673 |          6.7 |         3.1 |          4.4 |         1.4 |      1
  419 | 2023-01-05 05:28:10.685 |          6.1 |         2.6 |          5.6 |         1.4 |      2
  420 | 2023-01-05 05:28:11.696 |          4.6 |         3.2 |          1.4 |         0.2 |      0
  421 | 2023-01-05 05:28:12.707 |          6.2 |         2.2 |          4.5 |         1.5 |      1
  422 | 2023-01-05 05:28:13.718 |          5.1 |         3.7 |          1.5 |         0.4 |      0
  423 | 2023-01-05 05:28:14.729 |          4.7 |         3.2 |          1.3 |         0.2 |      0
  424 | 2023-01-05 05:28:15.741 |            5 |         3.6 |          1.4 |         0.2 |      0
  425 | 2023-01-05 05:28:16.753 |          6.9 |         3.2 |          5.7 |         2.3 |      2
  426 | 2023-01-05 05:28:17.765 |          6.2 |         2.2 |          4.5 |         1.5 |      1
  427 | 2023-01-05 05:28:18.775 |          5.8 |         2.7 |          4.1 |           1 |      1
  428 | 2023-01-05 05:28:19.787 |          6.5 |           3 |          5.2 |           2 |      2
  429 | 2023-01-05 05:28:20.798 |          5.7 |         3.8 |          1.7 |         0.3 |      0
  430 | 2023-01-05 05:28:21.81  |          5.4 |         3.9 |          1.3 |         0.4 |      0
  431 | 2023-01-05 05:28:22.825 |          6.1 |           3 |          4.6 |         1.4 |      1
  432 | 2023-01-05 05:28:23.837 |          5.7 |         4.4 |          1.5 |         0.4 |      0
  433 | 2023-01-05 05:28:24.848 |          5.7 |         2.8 |          4.1 |         1.3 |      1
  434 | 2023-01-05 05:28:25.861 |          7.2 |           3 |          5.8 |         1.6 |      2
  435 | 2023-01-05 05:28:26.873 |            6 |         3.4 |          4.5 |         1.6 |      1
  436 | 2023-01-05 05:28:27.888 |          4.7 |         3.2 |          1.3 |         0.2 |      0
  437 | 2023-01-05 05:28:28.9   |          6.7 |         3.1 |          4.7 |         1.5 |      1
  438 | 2023-01-05 05:28:29.911 |          7.1 |           3 |          5.9 |         2.1 |      2
  439 | 2023-01-05 05:28:30.922 |          7.9 |         3.8 |          6.4 |           2 |      2
  440 | 2023-01-05 05:28:31.939 |            5 |         2.3 |          3.3 |           1 |      1
  441 | 2023-01-05 05:28:32.961 |          5.7 |         2.8 |          4.1 |         1.3 |      1
  442 | 2023-01-05 05:28:33.973 |          4.7 |         3.2 |          1.3 |         0.2 |      0
  443 | 2023-01-05 05:28:34.985 |          4.6 |         3.1 |          1.5 |         0.2 |      0
  444 | 2023-01-05 05:28:35.997 |          7.6 |           3 |          6.6 |         2.1 |      2
  445 | 2023-01-05 05:28:37.009 |          6.4 |         2.8 |          5.6 |         2.2 |      2
  446 | 2023-01-05 05:28:38.021 |          6.7 |         2.5 |          5.8 |         1.8 |      2
  447 | 2023-01-05 05:28:39.038 |          6.3 |         3.3 |          4.7 |         1.6 |      1
  448 | 2023-01-05 05:28:40.051 |          5.9 |           3 |          5.1 |         1.8 |      2
  449 | 2023-01-05 05:28:41.063 |            5 |         3.4 |          1.5 |         0.2 |      0
  450 | 2023-01-05 05:28:42.119 |          6.4 |         2.7 |          5.3 |         1.9 |      2
  451 | 2023-01-05 05:28:43.137 |          6.3 |         2.5 |          4.9 |         1.5 |      1
  452 | 2023-01-05 05:28:44.153 |          6.4 |         2.7 |          5.3 |         1.9 |      2
  453 | 2023-01-05 05:28:45.164 |          6.2 |         2.8 |          4.8 |         1.8 |      2
  454 | 2023-01-05 05:28:46.176 |          4.9 |         3.1 |          1.5 |         0.2 |      0
  455 | 2023-01-05 05:28:47.188 |          5.1 |         3.4 |          1.5 |         0.2 |      0
  456 | 2023-01-05 05:28:48.2   |          6.7 |           3 |            5 |         1.7 |      1
  457 | 2023-01-05 05:28:49.212 |          6.4 |         2.9 |          4.3 |         1.3 |      1
  458 | 2023-01-05 05:28:50.223 |          7.7 |         2.6 |          6.9 |         2.3 |      2
  459 | 2023-01-05 05:28:51.234 |          5.1 |         3.8 |          1.6 |         0.2 |      0
  460 | 2023-01-05 05:28:52.247 |          6.1 |         2.8 |            4 |         1.3 |      1
  461 | 2023-01-05 05:28:53.258 |          6.1 |         2.8 |          4.7 |         1.2 |      1
  462 | 2023-01-05 05:28:54.27  |          4.3 |           3 |          1.1 |         0.1 |      0
  463 | 2023-01-05 05:28:55.282 |          4.8 |           3 |          1.4 |         0.1 |      0
  464 | 2023-01-05 05:28:56.294 |          4.5 |         2.3 |          1.3 |         0.3 |      0
  465 | 2023-01-05 05:28:57.305 |          5.6 |         2.8 |          4.9 |           2 |      2
  466 | 2023-01-05 05:28:58.317 |          4.6 |         3.1 |          1.5 |         0.2 |      0
  467 | 2023-01-05 05:28:59.328 |          6.9 |         3.1 |          5.1 |         2.3 |      2
  468 | 2023-01-05 05:29:00.352 |          4.9 |         3.6 |          1.4 |         0.1 |      0
  469 | 2023-01-05 05:29:01.363 |          6.7 |         3.3 |          5.7 |         2.1 |      2
  470 | 2023-01-05 05:29:02.374 |          7.4 |         2.8 |          6.1 |         1.9 |      2
  471 | 2023-01-05 05:29:03.385 |          6.3 |         2.3 |          4.4 |         1.3 |      1
  472 | 2023-01-05 05:29:04.398 |          6.4 |         3.2 |          4.5 |         1.5 |      1
  473 | 2023-01-05 05:29:05.408 |            7 |         3.2 |          4.7 |         1.4 |      1
  474 | 2023-01-05 05:29:06.42  |          4.6 |         3.6 |            1 |         0.2 |      0
  475 | 2023-01-05 05:29:07.432 |          5.8 |         2.7 |          4.1 |           1 |      1
  476 | 2023-01-05 05:29:08.445 |          6.2 |         2.8 |          4.8 |         1.8 |      2
  477 | 2023-01-05 05:29:09.457 |          5.1 |         3.5 |          1.4 |         0.3 |      0
  478 | 2023-01-05 05:29:10.468 |          7.1 |           3 |          5.9 |         2.1 |      2
  479 | 2023-01-05 05:29:11.479 |            5 |         3.3 |          1.4 |         0.2 |      0
  480 | 2023-01-05 05:29:12.491 |          5.4 |           3 |          4.5 |         1.5 |      1
  481 | 2023-01-05 05:29:13.502 |            6 |         2.2 |            4 |           1 |      1
  482 | 2023-01-05 05:29:14.516 |          4.4 |           3 |          1.3 |         0.2 |      0
  483 | 2023-01-05 05:29:15.528 |          5.5 |         2.5 |            4 |         1.3 |      1
  484 | 2023-01-05 05:29:16.539 |          4.8 |           3 |          1.4 |         0.1 |      0
  485 | 2023-01-05 05:29:17.552 |          6.1 |         2.6 |          5.6 |         1.4 |      2
  486 | 2023-01-05 05:29:18.562 |          6.7 |         3.1 |          4.7 |         1.5 |      1
  487 | 2023-01-05 05:29:19.578 |          7.9 |         3.8 |          6.4 |           2 |      2
  488 | 2023-01-05 05:29:20.589 |          5.2 |         3.5 |          1.5 |         0.2 |      0
  489 | 2023-01-05 05:29:21.6   |          4.6 |         3.2 |          1.4 |         0.2 |      0
  490 | 2023-01-05 05:29:22.615 |          5.7 |         2.5 |            5 |           2 |      2
  491 | 2023-01-05 05:29:23.626 |          4.6 |         3.4 |          1.4 |         0.3 |      0
  492 | 2023-01-05 05:29:24.637 |          6.7 |           3 |            5 |         1.7 |      1
  493 | 2023-01-05 05:29:25.649 |          6.2 |         3.4 |          5.4 |         2.3 |      2
  494 | 2023-01-05 05:29:26.66  |          6.1 |         2.8 |            4 |         1.3 |      1
  495 | 2023-01-05 05:29:27.671 |          5.1 |         2.5 |            3 |         1.1 |      1
  496 | 2023-01-05 05:29:28.682 |          4.6 |         3.4 |          1.4 |         0.3 |      0
  497 | 2023-01-05 05:29:29.694 |          4.6 |         3.4 |          1.4 |         0.3 |      0
  498 | 2023-01-05 05:29:30.706 |          4.4 |         3.2 |          1.3 |         0.2 |      0
  499 | 2023-01-05 05:29:31.718 |          6.1 |           3 |          4.9 |         1.8 |      2
  500 | 2023-01-05 05:29:32.732 |          6.1 |         2.8 |            4 |         1.3 |      1
  501 | 2023-01-05 05:29:33.745 |          4.7 |         3.2 |          1.3 |         0.2 |      0
  502 | 2023-01-05 05:29:34.756 |          5.8 |         2.7 |          4.1 |           1 |      1
  503 | 2023-01-05 05:29:35.766 |          6.4 |         3.2 |          5.3 |         2.3 |      2
  504 | 2023-01-05 05:29:36.776 |          7.7 |         2.8 |          6.7 |           2 |      2
  505 | 2023-01-05 05:29:37.786 |          5.8 |         2.8 |          5.1 |         2.4 |      2
  506 | 2023-01-05 05:29:38.796 |          6.4 |         2.8 |          5.6 |         2.1 |      2
  507 | 2023-01-05 05:29:39.808 |          6.1 |         2.8 |            4 |         1.3 |      1
  508 | 2023-01-05 05:29:40.819 |          5.1 |         3.8 |          1.6 |         0.2 |      0
  509 | 2023-01-05 05:29:41.833 |          5.4 |         3.9 |          1.7 |         0.4 |      0
  510 | 2023-01-05 05:29:42.845 |          5.5 |         2.5 |            4 |         1.3 |      1
  511 | 2023-01-05 05:29:43.862 |          5.7 |           3 |          4.2 |         1.2 |      1
  512 | 2023-01-05 05:29:44.875 |          6.8 |         2.8 |          4.8 |         1.4 |      1
  513 | 2023-01-05 05:29:45.887 |          5.8 |         2.7 |          4.1 |           1 |      1
  514 | 2023-01-05 05:29:46.898 |          6.5 |         2.8 |          4.6 |         1.5 |      1
  515 | 2023-01-05 05:29:47.912 |          5.5 |         2.4 |          3.7 |           1 |      1
  516 | 2023-01-05 05:29:48.924 |          5.6 |           3 |          4.5 |         1.5 |      1
  517 | 2023-01-05 05:29:49.935 |            5 |           3 |          1.6 |         0.2 |      0
  518 | 2023-01-05 05:29:50.947 |          6.7 |           3 |          5.2 |         2.3 |      2
  519 | 2023-01-05 05:29:51.958 |          6.3 |         3.4 |          5.6 |         2.4 |      2
  520 | 2023-01-05 05:29:52.97  |          5.6 |         2.5 |          3.9 |         1.1 |      1
  521 | 2023-01-05 05:29:53.982 |          4.4 |           3 |          1.3 |         0.2 |      0
  522 | 2023-01-05 05:29:54.994 |          6.2 |         3.4 |          5.4 |         2.3 |      2
  523 | 2023-01-05 05:29:56.005 |          7.9 |         3.8 |          6.4 |           2 |      2
  524 | 2023-01-05 05:29:57.016 |          5.2 |         3.5 |          1.5 |         0.2 |      0
  525 | 2023-01-05 05:29:58.028 |          7.3 |         2.9 |          6.3 |         1.8 |      2
  526 | 2023-01-05 05:29:59.04  |          5.7 |         2.6 |          3.5 |           1 |      1
  527 | 2023-01-05 05:30:00.052 |          5.7 |           3 |          4.2 |         1.2 |      1
  528 | 2023-01-05 05:30:01.063 |          4.6 |         3.4 |          1.4 |         0.3 |      0
  529 | 2023-01-05 05:30:02.075 |          5.4 |           3 |          4.5 |         1.5 |      1
  530 | 2023-01-05 05:30:03.087 |          6.8 |         3.2 |          5.9 |         2.3 |      2
  531 | 2023-01-05 05:30:04.098 |          5.4 |         3.9 |          1.7 |         0.4 |      0
  532 | 2023-01-05 05:30:05.109 |            5 |         3.6 |          1.4 |         0.2 |      0
  533 | 2023-01-05 05:30:06.12  |          4.8 |         3.4 |          1.6 |         0.2 |      0
  534 | 2023-01-05 05:30:07.133 |          5.5 |         2.3 |            4 |         1.3 |      1
  535 | 2023-01-05 05:30:08.144 |          5.9 |           3 |          5.1 |         1.8 |      2
  536 | 2023-01-05 05:30:09.156 |            5 |         3.5 |          1.3 |         0.3 |      0
  537 | 2023-01-05 05:30:10.168 |          7.9 |         3.8 |          6.4 |           2 |      2
  538 | 2023-01-05 05:30:11.18  |          5.8 |         2.6 |            4 |         1.2 |      1
  539 | 2023-01-05 05:30:12.193 |          5.6 |         2.8 |          4.9 |           2 |      2
  540 | 2023-01-05 05:30:13.205 |            5 |         3.4 |          1.6 |         0.4 |      0
  541 | 2023-01-05 05:30:14.217 |          5.5 |         2.4 |          3.8 |         1.1 |      1
  542 | 2023-01-05 05:30:15.23  |          5.2 |         4.1 |          1.5 |         0.1 |      0
  543 | 2023-01-05 05:30:16.242 |          5.6 |         2.7 |          4.2 |         1.3 |      1
  544 | 2023-01-05 05:30:17.255 |          6.3 |         3.4 |          5.6 |         2.4 |      2
  545 | 2023-01-05 05:30:18.266 |          4.9 |         3.1 |          1.5 |         0.2 |      0
  546 | 2023-01-05 05:30:19.279 |          4.9 |         3.1 |          1.5 |         0.2 |      0
  547 | 2023-01-05 05:30:20.29  |          5.1 |         2.5 |            3 |         1.1 |      1
  548 | 2023-01-05 05:30:21.303 |            5 |         3.5 |          1.3 |         0.3 |      0
  549 | 2023-01-05 05:30:22.313 |          6.5 |           3 |          5.8 |         2.2 |      2
  550 | 2023-01-05 05:30:23.321 |          6.9 |         3.1 |          5.1 |         2.3 |      2
  551 | 2023-01-05 05:30:24.331 |          6.1 |         2.8 |          4.7 |         1.2 |      1
  552 | 2023-01-05 05:30:25.343 |          4.9 |         3.6 |          1.4 |         0.1 |      0
  553 | 2023-01-05 05:30:26.352 |          7.2 |           3 |          5.8 |         1.6 |      2
  554 | 2023-01-05 05:30:27.365 |          5.1 |         3.5 |          1.4 |         0.2 |      0
  555 | 2023-01-05 05:30:28.376 |          6.9 |         3.1 |          5.4 |         2.1 |      2
  556 | 2023-01-05 05:30:29.385 |          5.9 |           3 |          4.2 |         1.5 |      1
  557 | 2023-01-05 05:30:30.391 |          4.6 |         3.1 |          1.5 |         0.2 |      0
  558 | 2023-01-05 05:30:31.398 |          6.7 |         2.5 |          5.8 |         1.8 |      2
  559 | 2023-01-05 05:30:32.407 |          7.3 |         2.9 |          6.3 |         1.8 |      2
  560 | 2023-01-05 05:30:33.416 |          6.1 |         2.8 |          4.7 |         1.2 |      1
  561 | 2023-01-05 05:30:34.423 |          6.7 |           3 |            5 |         1.7 |      1
  562 | 2023-01-05 05:30:35.443 |          6.8 |           3 |          5.5 |         2.1 |      2
  563 | 2023-01-05 05:30:36.454 |          4.9 |         2.4 |          3.3 |           1 |      1
  564 | 2023-01-05 05:30:37.466 |          6.7 |           3 |          5.2 |         2.3 |      2
  565 | 2023-01-05 05:30:38.477 |          5.8 |         2.7 |          5.1 |         1.9 |      2
  566 | 2023-01-05 05:30:39.487 |          6.8 |         2.8 |          4.8 |         1.4 |      1
  567 | 2023-01-05 05:30:40.496 |          7.1 |           3 |          5.9 |         2.1 |      2
  568 | 2023-01-05 05:30:41.509 |          6.2 |         2.9 |          4.3 |         1.3 |      1
  569 | 2023-01-05 05:30:42.518 |          5.4 |           3 |          4.5 |         1.5 |      1
  570 | 2023-01-05 05:30:43.53  |          5.2 |         3.4 |          1.4 |         0.2 |      0
  571 | 2023-01-05 05:30:44.542 |          6.7 |         3.3 |          5.7 |         2.5 |      2
  572 | 2023-01-05 05:30:45.553 |          5.6 |         2.7 |          4.2 |         1.3 |      1
  573 | 2023-01-05 05:30:46.566 |          6.3 |         3.4 |          5.6 |         2.4 |      2
  574 | 2023-01-05 05:30:47.578 |            6 |         2.2 |            5 |         1.5 |      2
  575 | 2023-01-05 05:30:48.59  |          5.7 |           3 |          4.2 |         1.2 |      1
  576 | 2023-01-05 05:30:49.603 |          5.1 |         3.5 |          1.4 |         0.3 |      0
  577 | 2023-01-05 05:30:50.614 |          6.1 |         2.6 |          5.6 |         1.4 |      2
  578 | 2023-01-05 05:30:51.624 |          6.9 |         3.1 |          5.4 |         2.1 |      2
  579 | 2023-01-05 05:30:52.634 |            7 |         3.2 |          4.7 |         1.4 |      1
  580 | 2023-01-05 05:30:53.643 |          6.2 |         3.4 |          5.4 |         2.3 |      2
  581 | 2023-01-05 05:30:54.651 |          5.6 |           3 |          4.1 |         1.3 |      1
  582 | 2023-01-05 05:30:55.661 |          4.9 |         3.1 |          1.5 |         0.2 |      0
  583 | 2023-01-05 05:30:56.669 |          6.4 |         2.9 |          4.3 |         1.3 |      1
  584 | 2023-01-05 05:30:57.68  |          4.7 |         3.2 |          1.6 |         0.2 |      0
  585 | 2023-01-05 05:30:58.693 |          5.9 |           3 |          4.2 |         1.5 |      1
  586 | 2023-01-05 05:30:59.705 |            5 |           3 |          1.6 |         0.2 |      0
  587 | 2023-01-05 05:31:00.716 |          6.4 |         2.8 |          5.6 |         2.2 |      2
  588 | 2023-01-05 05:31:01.729 |          5.1 |         3.5 |          1.4 |         0.2 |      0
  589 | 2023-01-05 05:31:02.742 |          5.6 |           3 |          4.5 |         1.5 |      1
  590 | 2023-01-05 05:31:03.753 |          5.7 |         2.5 |            5 |           2 |      2
  591 | 2023-01-05 05:31:04.765 |          7.6 |           3 |          6.6 |         2.1 |      2
  592 | 2023-01-05 05:31:05.778 |            6 |         3.4 |          4.5 |         1.6 |      1
  593 | 2023-01-05 05:31:06.79  |          6.1 |         2.9 |          4.7 |         1.4 |      1
  594 | 2023-01-05 05:31:07.803 |          6.4 |         2.8 |          5.6 |         2.2 |      2
  595 | 2023-01-05 05:31:08.814 |          5.7 |           3 |          4.2 |         1.2 |      1
  596 | 2023-01-05 05:31:09.826 |          6.1 |         2.9 |          4.7 |         1.4 |      1
  597 | 2023-01-05 05:31:10.839 |          4.4 |         3.2 |          1.3 |         0.2 |      0
  598 | 2023-01-05 05:31:11.852 |          7.7 |         2.6 |          6.9 |         2.3 |      2
  599 | 2023-01-05 05:31:12.863 |          6.8 |         3.2 |          5.9 |         2.3 |      2
  600 | 2023-01-05 05:31:13.873 |          5.6 |         2.7 |          4.2 |         1.3 |      1
  601 | 2023-01-05 05:31:14.885 |          5.2 |         4.1 |          1.5 |         0.1 |      0
  602 | 2023-01-05 05:31:15.897 |          5.5 |         2.6 |          4.4 |         1.2 |      1
  603 | 2023-01-05 05:31:16.911 |          6.7 |         3.3 |          5.7 |         2.5 |      2
  604 | 2023-01-05 05:31:17.924 |            5 |         3.4 |          1.6 |         0.4 |      0
  605 | 2023-01-05 05:31:18.94  |          5.9 |           3 |          5.1 |         1.8 |      2
  606 | 2023-01-05 05:31:19.952 |          5.7 |         3.8 |          1.7 |         0.3 |      0
  607 | 2023-01-05 05:31:20.965 |          6.4 |         3.2 |          5.3 |         2.3 |      2
  608 | 2023-01-05 05:31:21.977 |          6.4 |         3.2 |          5.3 |         2.3 |      2
  609 | 2023-01-05 05:31:22.989 |          6.7 |         3.1 |          4.4 |         1.4 |      1
  610 | 2023-01-05 05:31:24.002 |          6.2 |         2.2 |          4.5 |         1.5 |      1
  611 | 2023-01-05 05:31:25.013 |          5.8 |         2.7 |          5.1 |         1.9 |      2
  612 | 2023-01-05 05:31:26.025 |          5.8 |         2.6 |            4 |         1.2 |      1
  613 | 2023-01-05 05:31:27.036 |          4.9 |           3 |          1.4 |         0.2 |      0
  614 | 2023-01-05 05:31:28.047 |          4.8 |           3 |          1.4 |         0.3 |      0
  615 | 2023-01-05 05:31:29.058 |          4.8 |         3.1 |          1.6 |         0.2 |      0
  616 | 2023-01-05 05:31:30.071 |          5.6 |         2.9 |          3.6 |         1.3 |      1
  617 | 2023-01-05 05:31:31.084 |          4.3 |           3 |          1.1 |         0.1 |      0
  618 | 2023-01-05 05:31:32.096 |            6 |         2.2 |            4 |           1 |      1
  619 | 2023-01-05 05:31:33.108 |          6.3 |         2.5 |          4.9 |         1.5 |      1
  620 | 2023-01-05 05:31:34.119 |          7.2 |           3 |          5.8 |         1.6 |      2
  621 | 2023-01-05 05:31:35.127 |          5.1 |         3.5 |          1.4 |         0.3 |      0
  622 | 2023-01-05 05:31:36.135 |          6.7 |         2.5 |          5.8 |         1.8 |      2
  623 | 2023-01-05 05:31:37.146 |          6.8 |         2.8 |          4.8 |         1.4 |      1
  624 | 2023-01-05 05:31:38.156 |          4.4 |         3.2 |          1.3 |         0.2 |      0
  625 | 2023-01-05 05:31:39.165 |          6.9 |         3.1 |          4.9 |         1.5 |      1
  626 | 2023-01-05 05:31:40.174 |          5.1 |         3.8 |          1.6 |         0.2 |      0
  627 | 2023-01-05 05:31:41.186 |          5.6 |         2.8 |          4.9 |           2 |      2
  628 | 2023-01-05 05:31:42.199 |          7.2 |           3 |          5.8 |         1.6 |      2
  629 | 2023-01-05 05:31:43.213 |          4.8 |         3.4 |          1.6 |         0.2 |      0
  630 | 2023-01-05 05:31:44.226 |          6.3 |         2.8 |          5.1 |         1.5 |      2
  631 | 2023-01-05 05:31:45.236 |          5.1 |         3.5 |          1.4 |         0.2 |      0
  632 | 2023-01-05 05:31:46.25  |          4.6 |         3.2 |          1.4 |         0.2 |      0
  633 | 2023-01-05 05:31:47.263 |          5.5 |         2.4 |          3.7 |           1 |      1
  634 | 2023-01-05 05:31:48.276 |          6.3 |         2.8 |          5.1 |         1.5 |      2
  635 | 2023-01-05 05:31:49.287 |          5.8 |         2.7 |          4.1 |           1 |      1
  636 | 2023-01-05 05:31:50.3   |            5 |         3.2 |          1.2 |         0.2 |      0
  637 | 2023-01-05 05:31:51.314 |          6.7 |           3 |            5 |         1.7 |      1
  638 | 2023-01-05 05:31:52.328 |          4.6 |         3.2 |          1.4 |         0.2 |      0
  639 | 2023-01-05 05:31:53.342 |          6.2 |         3.4 |          5.4 |         2.3 |      2
  640 | 2023-01-05 05:31:54.355 |          5.9 |           3 |          4.2 |         1.5 |      1
  641 | 2023-01-05 05:31:55.368 |          5.7 |           3 |          4.2 |         1.2 |      1
  642 | 2023-01-05 05:31:56.382 |          4.8 |         3.4 |          1.9 |         0.2 |      0
  643 | 2023-01-05 05:31:57.396 |          6.3 |         2.5 |          4.9 |         1.5 |      1
  644 | 2023-01-05 05:31:58.409 |          7.2 |         3.6 |          6.1 |         2.5 |      2
  645 | 2023-01-05 05:31:59.422 |          6.2 |         2.8 |          4.8 |         1.8 |      2
  646 | 2023-01-05 05:32:00.435 |            5 |           2 |          3.5 |           1 |      1
  647 | 2023-01-05 05:32:01.448 |          6.4 |         2.9 |          4.3 |         1.3 |      1
  648 | 2023-01-05 05:32:02.458 |            6 |         2.2 |            5 |         1.5 |      2
  649 | 2023-01-05 05:32:03.472 |          5.7 |         2.9 |          4.2 |         1.3 |      1
  650 | 2023-01-05 05:32:04.485 |          5.8 |         2.6 |            4 |         1.2 |      1
  651 | 2023-01-05 05:32:05.497 |          5.1 |         3.7 |          1.5 |         0.4 |      0
  652 | 2023-01-05 05:32:06.51  |          6.3 |         2.3 |          4.4 |         1.3 |      1
  653 | 2023-01-05 05:32:07.522 |          5.6 |           3 |          4.1 |         1.3 |      1
  654 | 2023-01-05 05:32:08.533 |          5.6 |         2.7 |          4.2 |         1.3 |      1
  655 | 2023-01-05 05:32:09.546 |          6.7 |           3 |          5.2 |         2.3 |      2
  656 | 2023-01-05 05:32:10.561 |          7.9 |         3.8 |          6.4 |           2 |      2
  657 | 2023-01-05 05:32:11.574 |          5.1 |         3.5 |          1.4 |         0.3 |      0
  658 | 2023-01-05 05:32:12.588 |          6.7 |         3.1 |          5.6 |         2.4 |      2
  659 | 2023-01-05 05:32:13.602 |          7.2 |         3.2 |            6 |         1.8 |      2
  660 | 2023-01-05 05:32:14.616 |          6.7 |         3.3 |          5.7 |         2.5 |      2
  661 | 2023-01-05 05:32:15.63  |          5.1 |         3.3 |          1.7 |         0.5 |      0
  662 | 2023-01-05 05:32:16.643 |          6.5 |           3 |          5.8 |         2.2 |      2
  663 | 2023-01-05 05:32:17.657 |          4.7 |         3.2 |          1.6 |         0.2 |      0
  664 | 2023-01-05 05:32:18.669 |          6.9 |         3.1 |          4.9 |         1.5 |      1
  665 | 2023-01-05 05:32:19.683 |          7.3 |         2.9 |          6.3 |         1.8 |      2
  666 | 2023-01-05 05:32:20.698 |            6 |         2.7 |          5.1 |         1.6 |      1
  667 | 2023-01-05 05:32:21.714 |          4.9 |         3.6 |          1.4 |         0.1 |      0
  668 | 2023-01-05 05:32:22.727 |          7.7 |         2.6 |          6.9 |         2.3 |      2
  669 | 2023-01-05 05:32:23.739 |          6.2 |         2.8 |          4.8 |         1.8 |      2
  670 | 2023-01-05 05:32:24.752 |          5.5 |         2.4 |          3.8 |         1.1 |      1
  671 | 2023-01-05 05:32:25.766 |            6 |         2.7 |          5.1 |         1.6 |      1
  672 | 2023-01-05 05:32:26.779 |          5.6 |         2.7 |          4.2 |         1.3 |      1
  673 | 2023-01-05 05:32:27.797 |          5.5 |         2.6 |          4.4 |         1.2 |      1
  674 | 2023-01-05 05:32:28.81  |          6.7 |         3.1 |          4.4 |         1.4 |      1
  675 | 2023-01-05 05:32:29.822 |          6.4 |         3.2 |          4.5 |         1.5 |      1
  676 | 2023-01-05 05:32:30.835 |          5.8 |         2.8 |          5.1 |         2.4 |      2
  677 | 2023-01-05 05:32:31.848 |          4.8 |         3.4 |          1.9 |         0.2 |      0
  678 | 2023-01-05 05:32:32.86  |            7 |         3.2 |          4.7 |         1.4 |      1
  679 | 2023-01-05 05:32:33.874 |          5.2 |         2.7 |          3.9 |         1.4 |      1
  680 | 2023-01-05 05:32:34.887 |            5 |         2.3 |          3.3 |           1 |      1
  681 | 2023-01-05 05:32:35.903 |          6.3 |         2.9 |          5.6 |         1.8 |      2
  682 | 2023-01-05 05:32:36.913 |            5 |         3.2 |          1.2 |         0.2 |      0
  683 | 2023-01-05 05:32:37.925 |          5.1 |         3.8 |          1.5 |         0.3 |      0
  684 | 2023-01-05 05:32:38.938 |          5.2 |         2.7 |          3.9 |         1.4 |      1
  685 | 2023-01-05 05:32:39.951 |          5.8 |         2.7 |          5.1 |         1.9 |      2
  686 | 2023-01-05 05:32:40.964 |          6.3 |         2.3 |          4.4 |         1.3 |      1
  687 | 2023-01-05 05:32:41.977 |          5.7 |           3 |          4.2 |         1.2 |      1
  688 | 2023-01-05 05:32:42.99  |          4.4 |           3 |          1.3 |         0.2 |      0
  689 | 2023-01-05 05:32:44.002 |          6.7 |           3 |          5.2 |         2.3 |      2
  690 | 2023-01-05 05:32:45.015 |          7.7 |         2.6 |          6.9 |         2.3 |      2
  691 | 2023-01-05 05:32:46.028 |          5.6 |         2.9 |          3.6 |         1.3 |      1
  692 | 2023-01-05 05:32:47.04  |          5.5 |         2.4 |          3.7 |           1 |      1
  693 | 2023-01-05 05:32:48.052 |          6.9 |         3.2 |          5.7 |         2.3 |      2
  694 | 2023-01-05 05:32:49.065 |          4.9 |         3.1 |          1.5 |         0.1 |      0
  695 | 2023-01-05 05:32:50.077 |          7.7 |         2.8 |          6.7 |           2 |      2
  696 | 2023-01-05 05:32:51.088 |          5.7 |         2.8 |          4.1 |         1.3 |      1
  697 | 2023-01-05 05:32:52.101 |          6.2 |         2.2 |          4.5 |         1.5 |      1
  698 | 2023-01-05 05:32:53.114 |          5.3 |         3.7 |          1.5 |         0.2 |      0
  699 | 2023-01-05 05:32:54.126 |            7 |         3.2 |          4.7 |         1.4 |      1
  700 | 2023-01-05 05:32:55.138 |          7.7 |         3.8 |          6.7 |         2.2 |      2
  701 | 2023-01-05 05:32:56.15  |            5 |         3.2 |          1.2 |         0.2 |      0
  702 | 2023-01-05 05:32:57.162 |            5 |         3.6 |          1.4 |         0.2 |      0
  703 | 2023-01-05 05:32:58.177 |          6.7 |         3.1 |          5.6 |         2.4 |      2
  704 | 2023-01-05 05:32:59.189 |          6.8 |         3.2 |          5.9 |         2.3 |      2
  705 | 2023-01-05 05:33:00.201 |          5.7 |         2.8 |          4.1 |         1.3 |      1
  706 | 2023-01-05 05:33:01.215 |          6.3 |         2.5 |          4.9 |         1.5 |      1
  707 | 2023-01-05 05:33:02.226 |          4.7 |         3.2 |          1.6 |         0.2 |      0
  708 | 2023-01-05 05:33:03.238 |          4.8 |           3 |          1.4 |         0.1 |      0
  709 | 2023-01-05 05:33:04.251 |          6.9 |         3.1 |          5.1 |         2.3 |      2
  710 | 2023-01-05 05:33:05.264 |          4.4 |         2.9 |          1.4 |         0.2 |      0
  711 | 2023-01-05 05:33:06.278 |          4.8 |         3.4 |          1.6 |         0.2 |      0
  712 | 2023-01-05 05:33:07.292 |          6.5 |         3.2 |          5.1 |           2 |      2
  713 | 2023-01-05 05:33:08.305 |          5.6 |         2.7 |          4.2 |         1.3 |      1
  714 | 2023-01-05 05:33:09.317 |          5.6 |         2.7 |          4.2 |         1.3 |      1
  715 | 2023-01-05 05:33:10.327 |          7.7 |         3.8 |          6.7 |         2.2 |      2
  716 | 2023-01-05 05:33:11.34  |          6.7 |         3.3 |          5.7 |         2.5 |      2
  717 | 2023-01-05 05:33:12.351 |          7.2 |           3 |          5.8 |         1.6 |      2
  718 | 2023-01-05 05:33:13.364 |          7.2 |         3.6 |          6.1 |         2.5 |      2
  719 | 2023-01-05 05:33:14.376 |          6.7 |         3.1 |          5.6 |         2.4 |      2
  720 | 2023-01-05 05:33:15.388 |            5 |           3 |          1.6 |         0.2 |      0
  721 | 2023-01-05 05:33:16.401 |          6.2 |         2.9 |          4.3 |         1.3 |      1
  722 | 2023-01-05 05:33:17.414 |          5.2 |         4.1 |          1.5 |         0.1 |      0
  723 | 2023-01-05 05:33:18.427 |          6.1 |           3 |          4.6 |         1.4 |      1
  724 | 2023-01-05 05:33:19.44  |          4.6 |         3.2 |          1.4 |         0.2 |      0
  725 | 2023-01-05 05:33:20.453 |            6 |         3.4 |          4.5 |         1.6 |      1
  726 | 2023-01-05 05:33:21.464 |          4.8 |         3.4 |          1.9 |         0.2 |      0
  727 | 2023-01-05 05:33:22.478 |          6.5 |           3 |          5.2 |           2 |      2
  728 | 2023-01-05 05:33:23.492 |          6.9 |         3.1 |          4.9 |         1.5 |      1
  729 | 2023-01-05 05:33:24.508 |          4.4 |         3.2 |          1.3 |         0.2 |      0
  730 | 2023-01-05 05:33:25.522 |          5.7 |         4.4 |          1.5 |         0.4 |      0
  731 | 2023-01-05 05:33:26.535 |          6.5 |         3.2 |          5.1 |           2 |      2
  732 | 2023-01-05 05:33:27.546 |          6.4 |         3.1 |          5.5 |         1.8 |      2
  733 | 2023-01-05 05:33:28.558 |          6.6 |           3 |          4.4 |         1.4 |      1
  734 | 2023-01-05 05:33:29.573 |          4.9 |         3.1 |          1.5 |         0.2 |      0
  735 | 2023-01-05 05:33:30.587 |          6.3 |         2.5 |            5 |         1.9 |      2
  736 | 2023-01-05 05:33:31.601 |            6 |           3 |          4.8 |         1.8 |      2
  737 | 2023-01-05 05:33:32.614 |          5.4 |         3.7 |          1.5 |         0.2 |      0
  738 | 2023-01-05 05:33:33.626 |          5.5 |         2.3 |            4 |         1.3 |      1
  739 | 2023-01-05 05:33:34.637 |          6.3 |         2.9 |          5.6 |         1.8 |      2
  740 | 2023-01-05 05:33:35.647 |          6.7 |         3.1 |          4.4 |         1.4 |      1
  741 | 2023-01-05 05:33:36.66  |          5.2 |         3.4 |          1.4 |         0.2 |      0
  742 | 2023-01-05 05:33:37.673 |          6.9 |         3.1 |          5.1 |         2.3 |      2
  743 | 2023-01-05 05:33:38.687 |          5.1 |         3.5 |          1.4 |         0.3 |      0
  744 | 2023-01-05 05:33:39.7   |          4.8 |         3.4 |          1.6 |         0.2 |      0
  745 | 2023-01-05 05:33:40.712 |          5.9 |         3.2 |          4.8 |         1.8 |      1
  746 | 2023-01-05 05:33:41.722 |          6.7 |         2.5 |          5.8 |         1.8 |      2
  747 | 2023-01-05 05:33:42.734 |            6 |           3 |          4.8 |         1.8 |      2
  748 | 2023-01-05 05:33:43.745 |          6.7 |         3.1 |          4.7 |         1.5 |      1
  749 | 2023-01-05 05:33:44.756 |          4.6 |         3.6 |            1 |         0.2 |      0
  750 | 2023-01-05 05:33:45.769 |          5.2 |         3.5 |          1.5 |         0.2 |      0
  751 | 2023-01-05 05:33:46.782 |          5.7 |         2.6 |          3.5 |           1 |      1
  752 | 2023-01-05 05:33:47.794 |          5.4 |           3 |          4.5 |         1.5 |      1
  753 | 2023-01-05 05:33:48.808 |          5.5 |         3.5 |          1.3 |         0.2 |      0
  754 | 2023-01-05 05:33:49.821 |          6.3 |         2.7 |          4.9 |         1.8 |      2
  755 | 2023-01-05 05:33:50.833 |          5.8 |         2.8 |          5.1 |         2.4 |      2
  756 | 2023-01-05 05:33:51.849 |          5.7 |           3 |          4.2 |         1.2 |      1
  757 | 2023-01-05 05:33:52.863 |          5.8 |         2.8 |          5.1 |         2.4 |      2
  758 | 2023-01-05 05:33:53.879 |          5.4 |         3.4 |          1.7 |         0.2 |      0
  759 | 2023-01-05 05:33:54.894 |          5.7 |         4.4 |          1.5 |         0.4 |      0
  760 | 2023-01-05 05:33:55.909 |          5.6 |         2.8 |          4.9 |           2 |      2
  761 | 2023-01-05 05:33:56.922 |          6.3 |         2.5 |            5 |         1.9 |      2
  762 | 2023-01-05 05:33:57.935 |          6.2 |         2.8 |          4.8 |         1.8 |      2
  763 | 2023-01-05 05:33:58.945 |          6.8 |           3 |          5.5 |         2.1 |      2
  764 | 2023-01-05 05:33:59.954 |          5.1 |         3.5 |          1.4 |         0.3 |      0
  765 | 2023-01-05 05:34:00.971 |          6.8 |           3 |          5.5 |         2.1 |      2
  766 | 2023-01-05 05:34:01.984 |          5.1 |         3.3 |          1.7 |         0.5 |      0
  767 | 2023-01-05 05:34:02.996 |            6 |         3.4 |          4.5 |         1.6 |      1
  768 | 2023-01-05 05:34:04.005 |          5.9 |         3.2 |          4.8 |         1.8 |      1
  769 | 2023-01-05 05:34:05.015 |            6 |         2.9 |          4.5 |         1.5 |      1
  770 | 2023-01-05 05:34:06.027 |            5 |         3.6 |          1.4 |         0.2 |      0
  771 | 2023-01-05 05:34:07.04  |          6.5 |           3 |          5.2 |           2 |      2
  772 | 2023-01-05 05:34:08.052 |            6 |         3.4 |          4.5 |         1.6 |      1
  773 | 2023-01-05 05:34:09.064 |          5.8 |         2.7 |          5.1 |         1.9 |      2
  774 | 2023-01-05 05:34:10.077 |          6.1 |         2.6 |          5.6 |         1.4 |      2
  775 | 2023-01-05 05:34:11.09  |          6.1 |           3 |          4.6 |         1.4 |      1
  776 | 2023-01-05 05:34:12.102 |          6.1 |         2.8 |            4 |         1.3 |      1
  777 | 2023-01-05 05:34:13.116 |          6.5 |           3 |          5.5 |         1.8 |      2
  778 | 2023-01-05 05:34:14.133 |          6.2 |         2.2 |          4.5 |         1.5 |      1
  779 | 2023-01-05 05:34:15.147 |          6.8 |         2.8 |          4.8 |         1.4 |      1
  780 | 2023-01-05 05:34:16.16  |          6.5 |           3 |          5.2 |           2 |      2
  781 | 2023-01-05 05:34:17.173 |          5.9 |           3 |          5.1 |         1.8 |      2
  782 | 2023-01-05 05:34:18.186 |          6.1 |         2.9 |          4.7 |         1.4 |      1
  783 | 2023-01-05 05:34:19.199 |          6.4 |         3.1 |          5.5 |         1.8 |      2
  784 | 2023-01-05 05:34:20.21  |          5.7 |         2.8 |          4.1 |         1.3 |      1
  785 | 2023-01-05 05:34:21.224 |          4.8 |         3.4 |          1.6 |         0.2 |      0

Interrupted
